10
Gleobacter.v 0.0000000 4.2263431 5.9270781 5.9270781 3.2231794 3.2929977 3.0724302 3.1202424 3.0720221 3.0617186 
Gleobacter.V 4.2263431 0.0000000 3.6316829 3.6316829 1.4646850 1.5496635 1.5005055 1.4682597 1.4579576 1.4849842 
F.welwii     5.9270781 3.6316829 0.0000000 0.0000010 2.3251387 2.2285874 2.1202294 2.0745324 2.0872613 2.0477879 
F.Welwii     5.9270781 3.6316829 0.0000010 0.0000000 2.3251387 2.2285874 2.1202294 2.0745324 2.0872613 2.0477879 
F.pepsitadii 3.2231794 1.4646850 2.3251387 2.3251387 0.0000000 0.2211980 0.2087892 0.2087829 0.2114282 0.2018925 
F.halapii    3.2929977 1.5496635 2.2285874 2.2285874 0.2211980 0.0000000 0.1666716 0.1560086 0.1569170 0.1524298 
JS2          3.0724302 1.5005055 2.1202294 2.1202294 0.2087892 0.1666716 0.0000000 0.0694237 0.0723498 0.0586995 
F.major      3.1202424 1.4682597 2.0745324 2.0745324 0.2087829 0.1560086 0.0694237 0.0000000 0.0097910 0.0394988 
F.thermalis  3.0720221 1.4579576 2.0872613 2.0872613 0.2114282 0.1569170 0.0723498 0.0097910 0.0000000 0.0394642 
F.muscicola  3.0617186 1.4849842 2.0477879 2.0477879 0.2018925 0.1524298 0.0586995 0.0394988 0.0394642 0.0000000 
