#
#
#  Percent Identity  Matrix - created by Clustal2.1 
#
#

     1: Gleobacter.v  100.00   50.17   48.92   48.92   53.85   53.29   54.61   54.33   54.54   54.61
     2: Gleobacter.V   50.17  100.00   49.28   49.28   60.86   59.88   60.44   60.78   60.91   60.60
     3: F.welwii       48.92   49.28  100.00  100.00   56.99   57.67   58.43   58.71   58.60   58.98
     4: F.Welwii       48.92   49.28  100.00  100.00   56.99   57.67   58.43   58.71   58.60   58.98
     5: F.pepsitadii   53.85   60.86   56.99   56.99  100.00   85.44   86.09   86.06   85.89   86.38
     6: F.halapii      53.29   59.88   57.67   57.67   85.44  100.00   88.24   88.78   88.73   88.98
     7: JS2            54.61   60.44   58.43   58.43   86.09   88.24  100.00   94.30   94.07   95.09
     8: F.major        54.33   60.78   58.71   58.71   86.06   88.78   94.30  100.00   99.11   96.59
     9: F.thermalis    54.54   60.91   58.60   58.60   85.89   88.73   94.07   99.11  100.00   96.59
    10: F.muscicola    54.61   60.60   58.98   58.98   86.38   88.98   95.09   96.59   96.59  100.00
