#
#
#  Percent Identity  Matrix - created by Clustal2.1 
#
#

     1: Gleobacter.v  100.00   86.56   86.84   86.44   86.37   86.57   86.57   86.37
     2: F.welwii       86.56  100.00   97.44   94.75   94.86   94.34   94.68   94.55
     3: F.halapii      86.84   97.44  100.00   93.75   94.19   94.28   94.56   94.62
     4: F.pepsitadii   86.44   94.75   93.75  100.00   94.86   94.62   95.02   94.96
     5: JS2            86.37   94.86   94.19   94.86  100.00   97.77   97.03   97.37
     6: F.muscicola    86.57   94.34   94.28   94.62   97.77  100.00   97.31   97.65
     7: F.thermalis    86.57   94.68   94.56   95.02   97.03   97.31  100.00   99.07
     8: F.major        86.37   94.55   94.62   94.96   97.37   97.65   99.07  100.00
